776
68
727
265
953
954
623
874
409
492
383
808
170
151
546
327
75
248
639
866
846
938
641
846
506
397
984
434
671
87
694
429
612
161
820
776
151
624
178
353
56
872
615
26
68
723
751
7
277
351
932
290
646
792
887
277
927
557
718
188
291
42
268
241
475
46
739
958
838
367
810
471
865
82
334
515
891
825
9
901
537
674
985
734
290
652
251
153
307
306
523
463
696
706
69
783
973
94
165
719
466
395
514
425
766
729
855
423
795
717
512
544
968
262
268
163
731
368
301
38
68
824
274
534
612
870
578
479
348
835
754
572
538
919
125
396
716
160
505
236
663
620
185
22
928
2
115
472
197
924
485
877
772
107
95
795
174
837
132
115
145
820
983
385
750
858
677
400
853
394
742
546
475
346
921
689
645
598
79
836
559
989
158
750
922
819
901
44
240
460
392
154
729
759
305
328
776
891
876
402
63
261
229
690
604
429
335
557
495
283
738
471
124
667
9
868
533
651
485
846
343
987
895
862
718
904
550
168
596
436
394
204
340
156
540
314
650
314
947
123
387
721
928
62
252
243
770
905
945
198
969
824
908
657
246
174
139
993
813
516
611
61
747
843
108
314
23
817
906
620
108
245
348
270
908
79
427
436
349
197
362
436
51
761
970
379
182
664
396
5
416
318
567
900
226
459
260
232
443
123
847
387
67
164
643
152
835
105
235
138
261
740
548
75
486
921
764
760
268
736
281
125
608
879
947
708
566
443
722
1000
921
80
590
240
230
650
592
521
12
493
841
22
34
143
886
174
962
709
281
290
594
946
6
84
727
823
528
682
846
122
508
344
49
343
869
707
580
101
686
837
423
103
915
763
846
12
912
63
120
75
56
896
904
28
944
57
66
972
952
891
981
90
887
953
58
367
55
382
312
908
834
118
556
572
921
524
179
443
757
300
584
566
240
440
526
947
814
474
259
500
898
696
423
423
258
458
117
936
8
290
355
282
628
98
811
940
800
340
533
833
646
191
627
535
597
373
318
894
55
324
894
956
112
316
923
297
386
56
956
343
400
899
593
388
361
434
428
718
517
258
163
399
551
467
190
167
710
11
138
688
266
135
448
282
83
933
774
227
970
671
254
764
980
537
31
747
93
890
675
421
446
668
986
258
332
543
432
684
760
1000
539
316
651
840
125
725
643
571
239
531
830
545
632
497
186
366
127
39
496
594
110
943
501
521
187
389
87
312
439
539
911
458
922
66
588
511
989
163
19
712
428
956
602
991
601
711
114
141
216
130
790
826
844
343
540
54
402
710
30
219
703
881
240
792
457
538
337
969
471
936
654
459
129
320
56
48
94
583
15
907
639
155
369
29
109
808
801
90
557
99
383
955
508
116
395
230
134
159
27
110
55
167
108
356
272
744
961
606
197
879
15
767
588
422
205
684
859
481
446
924
466
665
360
405
712
406
342
147
565
47
384
754
157
745
651
753
762
283
373
18
923
906
67
568
294
446
216
224
720
988
810
5
613
41
54
822
507
669
866
245
113
751
308
580
72
700
987
555
135
421
743
273
422
932
995
751
663
445
881
863
299
248
997
381
114
955
600
796
743
557
42
404
289
131
694
820
51
868
261
48
348
688
31
437
191
200
154
863
893
501
648
247
684
338
110
140
693
551
878
497
249
1
702
704
958
463
834
179
156
819
136
787
599
350
312
10
147
993
616
595
100
139
625
897
751
198
960
835
974
0
860
12
949
148
902
81
73
861
74
19
897
886
84
739
93
128
101
62
236
748
49
402
900
406
397
703
718
619
922
308
229
770
5
627
136
163
73
767
283
521
165
16
637
670
592
694
761
336
485
187
454
220
678
259
400
576
937
134
924
762
56
221
476
783
617
144
335
922
951
663
49
775
689
590
50
9
572
881
123
371
763
149
808
839
875
344
454
724
353
970
518
614
982
735
5
310
260
117
751
736
699
571
977
474
861
452
137
83
875
250
727
515
376
452
464
550
678
934
40
197
878
733
164
941
301
747
145
805
749
75
43
568
74
607
858
482
902
40
104
800
512
47
639
288
350
114
640
858
237
78
832
284
715
726
119
685
726
241
949
573
133
746
446
366
276
126
208
294
142
30
536
531
781
868
315
651
934
80
749
189
426
133
744
774
234
348
435
672
478
504
424
461
330
500
436
938
147
346
767
902
260
818
275
609
143
469
777
225
298
815
487
141
253
804
563
548
129
634
590
985
714
297
462
794
276
626
328
380
637
973
595
667
439
520
624
320
908
856
452
652
63
424
233
435
452
617
694
479
312
123
368
666
416
314
919
115
832
92
348
674
890
684
65
451
283
154
965
5
323
646
986
752
275
150
258
146
761
782
905
245
869
113
47
824
212
34
974
592
432
649
601
872
545
859
298
784
385
381
325
22
922
210
85
754
347
466
701
502
805
564
876
890
956
133
331
462
997
238
510
291
219
48
423
115
905
514
636
588
912
838
199
442
349
741
40
795
960
908
492
416
942
872
20
490
821
706
577
259
173
106
612
746
952
377
696
699
238
411
120
964
236
956
586
744
718
870
480
819
532
442
230
882
736
74
98
579
384
567
120
138
361
213
4
148
931
144
105
969
981
88
773
852
12
1
57
894
947
872
10
13
958
948
223
200
413
6
336
700
523
8
871
32
279
404
726
474
169
353
623
17
277
870
412
303
609
693
597
721
103
947
785
938
267
989
786
938
474
567
402
536
590
283
488
219
139
267
77
560
944
411
366
787
731
376
347
575
831
635
504
680
574
917
406
511
959
69
941
64
215
296
724
591
552
890
357
569
653
23
47
739
911
354
926
731
402
980
314
904
282
855
229
56
715
60
45
424
788
922
151
478
328
554
538
836
27
936
789
444
192
656
490
746
795
12
218
527
27
997
411
428
231
138
48
669
188
991
509
780
293
808
436
982
234
874
490
263
456
803
3
334
436
801
179
72
369
213
892
613
620
864
630
360
247
923
967
219
522
191
887
422
909
388
326
525
618
0
654
322
662
176
783
555
894
38
61
561
523
987
240
418
230
894
682
331
312
980
327
759
858
465
814
932
723
750
307
322
236
864
523
491
386
592
347
618
426
337
1
519
631
402
455
324
610
859
968
674
505
245
444
533
111
3
692
749
989
28
964
724
342
273
50
115
71
848
510
45
874
986
739
831
247
569
609
687
230
136
600
934
90
217
111
952
228
622
886
501
27
11
85
303
736
589
237
607
383
961
473
870
446
373
307
764
402
959
199
753
703
36
182
880
781
570
648
89
709
607
477
270
174
147
273
740
734
197
152
521
964
668
977
295
976
26
925
41
379
836
623
112
34
633
607
583
813
922
428
350
514
310
29
170
528
71
398
639
40
880
443
302
136
495
370
730
333
410
144
601
769
186
819
679
684
192
66
852
720
5
532
71
427
81
55
845
119
179
655
648
40
73
522
839
274
823
217
306
789
284
45
991
36
82
845
801
172
962
149
73
916
915
885
885
939
166
890
902
806
59
577
366
645
631
618
731
611
163
317
606
624
563
267
688
902
926
14
790
972
364
683
945
72
220
798
883
226
909
559
732
183
193
605
345
973
276
672
441
688
778
382
410
560
244
742
404
13
998
302
519
905
726
602
679
687
489
137
291
820
14
610
835
266
139
731
446
215
626
435
414
701
431
368
665
323
534
697
370
959
879
513
559
416
42
780
344
302
121
742
978
101
818
26
826
829
82
630
347
363
982
522
411
729
793
325
838
835
483
360
818
320
224
702
172
483
728
976
82
574
384
264
542
753
662
725
767
352
766
344
159
871
987
811
36
261
697
839
936
543
391
226
957
371
544
102
727
186
412
771
295
79
813
667
997
721
404
876
578
523
903
477
706
101
178
801
644
482
486
382
455
592
661
174
133
963
212
269
778
162
782
422
517
136
24
302
648
219
756
463
968
951
401
574
854
218
541
930
959
855
536
320
204
113
912
214
99
52
826
797
667
566
213
344
750
772
683
646
337
370
708
503
212
681
705
782
408
836
890
849
450
982
232
418
601
975
783
258
114
472
731
807
156
588
120
695
15
582
529
401
510
953
321
242
305
495
766
785
382
389
42
744
740
249
322
123
86
816
173
953
3
946
434
980
600
999
519
809
528
484
537
505
345
125
562
880
752
95
323
392
969
931
661
784
65
902
102
112
109
923
232
814
225
248
159
419
253
875
120
475
555
671
307
821
282
191
26
975
741
620
339
805
906
102
793
684
33
139
140
256
162
252
963
113
362
499
771
143
919
843
409
549
298
294
168
93
843
53
895
645
586
195
759
865
224
391
811
306
829
565
687
753
415
398
492
10
98
45
106
931
901
121
30
956
174
994
971
924
951
994
952
968
101
84
982
750
537
686
367
726
185
208
316
187
740
401
936
857
781
392
605
11
732
795
765
382
917
135
584
246
548
618
833
119
511
381
43
322
944
230
478
321
499
189
353
632
626
23
245
404
733
100
798
357
103
875
23
947
738
737
748
737
511
390
563
258
176
652
976
663
642
982
83
415
22
122
342
871
332
769
145
418
176
775
573
530
350
665
131
627
209
156
975
695
869
315
806
233
82
546
361
94
39
16
338
471
70
531
881
150
934
767
592
113
161
335
376
456
328
946
877
726
256
672
209
73
230
858
406
442
997
75
337
2
109
550
218
653
344
720
186
571
220
241
523
759
890
98
250
73
5
141
438
838
451
167
439
965
995
217
477
942
281
205
505
221
461
527
981
782
868
838
2
189
236
940
146
824
595
526
703
322
319
347
596
966
163
70
647
696
505
253
488
832
708
953
762
882
735
58
686
664
507
20
560
22
548
476
583
483
487
345
2
496
886
517
455
510
197
794
712
677
848
386
284
447
702
724
168
354
277
825
391
421
884
484
291
227
759
786
610
566
809
189
487
933
631
695
173
93
628
71
963
8
672
57
643
355
884
210
697
673
340
330
423
855
512
399
415
928
662
58
535
79
433
913
242
807
643
381
330
572
462
857
776
413
206
45
457
995
25
175
675
437
242
181
873
582
255
508
826
824
271
314
590
115
571
534
976
935
209
217
977
407
755
265
485
440
758
705
743
451
594
909
328
910
548
505
578
970
784
292
351
231
950
164
623
37
892
862
440
792
721
288
481
899
389
143
526
396
494
883
984
202
734
722
605
887
299
999
293
280
738
449
94
299
815
489
74
930
30
33
986
933
995
854
685
983
961
947
992
82
919
848
886
56
846
33
887
90
975
616
462
965
718
814
368
95
740
990
436
778
296
686
132
985
448
109
709
183
629
830
704
221
778
237
100
598
472
804
894
644
299
44
783
70
269
304
385
597
594
173
416
371
80
360
721
853
813
162
291
55
429
377
101
885
410
767
950
673
568
249
647
828
557
583
25
499
611
548
331
219
105
548
806
870
652
561
38
803
532
902
933
973
903
768
626
512
142
890
981
430
36
189
118
239
247
807
987
539
926
104
900
717
845
954
851
382
334
594
356
557
687
133
579
280
745
580
569
210
899
209
755
349
432
821
173
5
36
541
441
562
995
700
519
534
828
8
126
549
705
690
656
524
806
65
750
710
753
243
782
655
834
950
61
137
199
531
936
523
816
548
385
113
111
100
29
846
799
831
281
11
581
304
670
80
339
382
685
358
308
41
964
659
542
657
363
966
182
598
839
185
753
771
211
447
85
546
420
331
577
201
505
832
659
217
23
947
975
338
770
886
249
794
62
712
939
532
913
622
737
771
118
359
942
475
573
0
992
696
298
799
865
652
743
325
329
949
965
952
595
793
818
323
401
283
358
721
891
528
324
722
250
974
201
665
395
992
469
530
850
55
856
28
720
767
873
318
21
807
888
660
368
843
993
966
164
793
739
959
784
486
220
23
870
657
585
744
591
814
186
578
508
96
823
279
268
300
590
589
921
504
588
108
150
332
475
675
209
200
341
978
389
60
884
288
484
519
716
964
404
230
664
245
568
69
342
535
418
289
18
942
365
167
138
968
612
430
632
600
293
446
97
543
709
779
446
47
558
940
404
621
588
329
3
263
578
795
283
721
819
503
874
258
109
913
71
973
974
14
55
996
946
112
34
4
904
114
881
880
866
973
94
427
978
643
967
494
260
502
481
180
548
279
513
138
34
755
121
478
422
38
612
762
257
855
322
985
413
696
170
775
806
812
901
186
545
103
662
143
454
764
373
978
515
60
69
482
243
250
734
522
25
349
468
161
378
66
582
140
78
159
540
885
74
823
828
726
739
880
201
566
670
229
437
186
104
508
713
522
253
792
138
601
639
756
615
330
481
607
176
131
268
873
957
385
248
668
722
423
597
616
887
629
875
749
602
104
645
539
786
455
160
705
900
458
909
124
644
484
890
584
374
111
332
11
619
321
387
435
566
118
607
280
788
486
747
952
258
166
958
294
387
50
800
962
821
261
322
780
872
335
66
688
437
973
155
786
992
78
32
792
62
90
253
17
592
151
737
906
750
704
557
597
25
785
144
478
622
556
979
599
635
258
553
271
842
793
702
86
902
915
133
582
106
774
497
52
449
172
6
336
510
896
261
497
384
294
40
480
569
603
969
245
976
151
418
97
606
835
976
788
814
467
764
835
993
217
598
333
750
301
290
173
447
735
613
431
888
777
402
407
598
733
725
937
757
983
993
90
261
119
453
602
324
877
639
448
597
475
158
317
745
245
337
151
555
885
141
360
231
596
899
489
750
782
830
493
74
361
356
226
231
235
623
11
658
995
566
199
207
319
471
582
120
297
424
720
78
239
301
110
505
478
769
273
860
916
331
979
503
596
221
937
585
665
662
957
134
494
403
61
70
218
77
955
417
61
318
790
4
246
911
825
427
323
35
906
101
355
939
951
726
642
959
67
506
770
362
422
311
609
984
65
783
812
471
831
870
257
926
5
923
254
575
449
665
31
4
842
758
917
60
58
191
926
8
982
108
38
818
40
983
57
950
22
106
677
476
175
182
83
786
96
628
272
303
702
866
570
48
307
503
701
936
21
607
549
81
757
79
826
36
40
186
738
746
903
166
270
348
486
516
110
104
546
835
396
853
187
370
744
31
895
619
762
969
877
810
824
157
162
207
112
39
897
61
567
418
788
3
67
97
809
509
956
582
273
959
375
693
540
651
565
323
362
14
732
185
372
544
352
820
371
672
874
612
544
979
751
433
704
119
661
113
822
571
919
764
18
491
538
310
148
699
27
329
145
396
951
69
156
241
687
557
13
723
9
739
868
745
811
469
56
548
317
732
322
97
509
359
854
883
954
325
280
263
291
981
675
303
618
721
774
335
945
994
567
194
923
129
62
704
726
986
959
624
702
349
434
642
930
643
370
256
254
245
774
882
197
332
992
647
573
815
171
645
289
414
613
209
525
655
541
802
91
13
256
609
3
548
385
921
399
375
754
618
875
703
556
460
755
541
410
479
206
543
775
898
718
453
523
424
580
492
747
897
263
190
366
639
104
943
923
536
877
859
642
367
274
255
418
505
584
123
239
213
282
17
152
198
881
258
513
25
938
79
599
85
221
253
976
76
318
871
347
765
408
958
175
762
753
45
497
170
716
94
130
249
775
530
982
806
74
755
182
285
340
195
429
928
420
834
226
920
575
296
534
737
104
550
264
262
338
653
647
986
22
400
362
566
575
554
400
304
278
169
943
863
562
683
864
260
792
617
909
664
607
812
927
174
81
75
314
109
559
726
488
321
244
595
85
715
468
639
958
280
231
253
400
33
476
134
626
466
229
625
395
20
326
68
466
576
648
795
223
321
455
864
317
48
936
34
972
940
120
740
12
13
976
141
968
969
54
45
59
951
931
77
24
142
381
24
990
751
165
340
876
998
207
17
771
170
54
379
713
696
359
572
869
931
591
10
928
236
852
252
978
2
95
745
254
210
166
191
755
846
254
481
114
697
373
969
547
235
956
167
880
582
524
589
101
233
315
360
468
248
59
519
625
284
416
659
662
605
462
748
520
228
161
235
815
509
530
656
944
906
944
566
727
298
229
181
681
576
278
984
796
956
622
60
594
933
844
90
739
928
478
308
980
947
516
665
508
11
702
990
779
651
518
832
970
927
930
627
576
934
354
963
321
138
287
828
580
724
272
220
412
882
452
634
52
213
601
942
187
894
766
312
533
73
607
800
286
745
48
662
287
776
172
530
424
147
80
5
800
908
64
717
426
261
603
994
953
252
662
573
203
246
49
774
275
817
943
545
568
279
654
916
816
619
705
750
989
469
656
964
998
334
169
244
708
553
192
853
795
469
428
896
621
733
387
464
728
388
599
754
932
197
955
871
553
919
681
762
558
552
88
161
253
539
614
734
672
715
27
696
149
278
847
716
702
567
457
400
573
575
171
325
847
411
201
710
300
247
778
932
953
917
427
947
905
810
735
8
508
980
548
239
929
615
76
537
811
503
99
345
377
38
972
131
802
979
92
29
413
750
737
381
215
0
338
688
76
327
883
950
253
387
160
210
452
567
0
687
910
703
335
205
553
587
928
147
54
958
444
503
58
18
898
609
885
11
626
461
719
269
982
751
694
124
334
874
348
806
329
36
957
566
384
788
258
61
792
189
239
650
793
23
308
666
320
865
624
278
976
510
533
395
118
303
872
837
689
399
729
443
893
473
177
760
561
557
357
257
890
69
787
848
3
957
108
85
906
127
846
991
89
984
86
267
909
137
59
88
224
550
550
91
322
171
442
908
615
44
478
588
707
240
13
972
890
130
73
326
3
337
476
719
156
646
792
346
987
626
361
75
41
51
842
935
481
306
950
784
785
11
659
521
200
683
77
50
839
799
407
212
871
272
34
120
266
911
752
748
180
972
615
569
73
634
432
938
262
622
898
828
761
935
692
653
598
557
477
231
179
353
281
84
251
4
948
288
367
877
481
387
838
233
253
694
770
185
13
890
828
635
942
903
522
570
804
808
973
655
331
704
62
976
552
10
877
717
821
393
462
721
15
315
56
174
740
921
614
956
129
303
78
287
586
819
201
523
875
237
664
839
163
617
444
24
418
97
586
796
344
185
33
323
16
181
328
660
533
454
529
375
293
386
4
876
14
172
327
310
964
371
560
178
42
878
288
476
428
528
205
847
119
681
639
350
778
980
345
619
542
753
312
760
342
22
676
283
289
645
898
266
316
886
747
449
701
468
208
390
376
102
341
547
134
425
496
844
299
399
344
693
960
149
877
492
613
70
419
216
887
883
923
982
196
727
747
698
391
820
849
494
885
376
132
421
337
304
954
290
39
252
335
700
853
340
119
723
11
857
823
787
302
121
276
483
854
565
983
115
747
470
890
785
98
981
530
384
93
170
443
837
501
549
405
469
715
858
913
438
651
504
701
668
936
522
917
42
408
345
770
36
756
329
972
753
856
242
345
780
78
313
702
347
202
513
438
950
747
561
402
675
69
177
845
646
66
510
202
622
240
829
765
765
994
638
280
724
37
304
705
255
447
790
970
224
451
703
259
885
871
879
738
33
385
203
98
6
7
456
252
516
365
82
35
25
39
926
917
39
31
877
866
175
973
985
944
941
981
35
967
838
72
885
508
71
841
249
132
841
572
805
900
253
814
714
499
495
580
633
749
245
289
178
933
386
984
154
593
462
484
953
832
565
568
425
95
303
759
419
574
781
566
348
894
834
817
690
434
34
491
927
904
278
299
766
602
642
487
48
646
534
396
309
293
663
995
249
949
863
964
19
239
278
926
867
89
233
363
842
610
961
839
205
957
159
968
408
955
124
669
944
898
671
838
515
35
159
140
738
199
69
475
204
789
950
438
921
967
863
887
8
505
212
616
329
716
528
87
615
209
752
461
8
557
191
281
300
878
665
656
392
118
9
869
383
608
844
77
662
655
208
912
603
704
770
271
871
146
603
7
406
808
561
502
392
936
506
71
669
761
142
162
217
169
758
980
111
582
514
795
607
890
90
599
265
964
921
571
531
88
357
981
779
501
931
164
82
112
686
824
398
444
692
118
240
951
635
40
73
791
726
146
124
57
761
641
194
75
597
427
937
504
749
293
853
175
126
45
835
609
34
221
608
151
274
503
138
473
817
554
577
986
26
138
997
195
293
114
127
454
257
52
516
769
608
980
203
39
699
950
742
776
48
328
871
1
823
546
570
268
182
754
277
426
13
431
701
274
517
944
662
239
668
51
994
98
599
544
151
748
848
13
808
351
114
620
956
562
797
582
535
892
145
456
467
967
725
114
784
406
757
246
3
753
455
187
885
116
942
284
190
846
52
660
31
394
244
62
213
684
16
635
73
948
165
835
175
789
805
568
583
401
973
534
388
144
771
725
953
869
194
299
474
101
804
632
183
79
148
993
701
33
933
599
242
791
935
279
442
899
466
883
927
238
135
811
671
5
78
35
250
919
101
4
211
5
953
83
971
31
58
122
889
65
994
159
878
4
617
238
614
416
268
162
640
290
156
889
594
318
803
629
234
605
415
442
372
901
270
503
508
443
145
131
25
368
158
952
516
727
245
228
778
337
473
548
902
967
26
912
318
271
634
917
817
379
631
746
37
571
898
678
452
706
498
251
740
254
141
14
903
467
800
260
140
687
211
730
253
563
445
950
460
290
95
696
995
634
602
904
782
971
815
664
276
749
946
443
597
496
81
173
614
977
413
108
810
795
86
26
714
876
566
503
915
889
358
187
52
325
13
84
578
857
671
832
721
724
582
519
783
871
180
342
885
885
924
377
381
316
269
512
685
73
927
583
64
768
954
309
820
870
212
767
760
848
692
854
762
932
525
958
600
755
676
919
14
576
237
413
986
787
505
85
163
484
74
10
80
609
640
729
1000
75
98
744
31
285
474
462
724
356
895
492
97
760
227
429
602
282
615
979
114
920
187
401
297
108
239
993
943
828
527
992
680
369
208
544
101
494
479
494
671
782
224
479
474
221
74
214
335
608
143
781
309
684
496
720
875
379
896
923
172
991
554
317
238
89
132
148
980
146
608
139
92
936
79
536
860
702
428
196
97
354
711
416
946
78
937
435
101
220
486
729
654
637
678
525
705
163
350
650
381
644
84
754
514
759
69
661
833
197
32
738
172
829
25
768
467
420
399
630
889
265
525
246
36
518
811
113
446
309
868
225
329
188
264
456
221
312
267
15
200
208
891
813
585
674
557
866
751
315
52
763
658
281
369
803
56
208
84
481
296
929
937
475
810
849
794
196
59
750
343
56
222
88
976
556
775
604
501
946
121
772
480
41
198
754
62
298
358
5
23
893
86
884
120
874
856
122
141
835
7
101
954
850
991
874
7
58
936
363
170
911
233
171
137
471
98
120
783
751
480
9
761
591
765
953
993
806
859
952
641
991
56
411
388
987
184
232
368
258
203
799
773
917
804
730
277
512
212
58
470
327
657
361
868
53
908
722
489
88
780
119
978
104
931
939
87
908
147
220
153
191
525
650
136
819
516
681
141
324
433
732
584
680
507
748
878
265
966
402
943
846
676
577
30
428
688
946
67
704
801
32
754
943
248
141
942
85
95
945
104
685
327
240
341
552
73
42
577
843
728
30
335
198
118
135
783
257
214
650
196
2
359
511
970
165
813
273
88
906
100
890
959
537
303
329
537
832
263
681
610
484
266
286
802
541
412
802
331
403
484
147
74
451
195
210
278
349
771
5
414
104
438
817
966
964
55
821
439
663
277
436
729
31
188
51
438
54
104
574
769
123
990
454
665
916
214
733
780
799
879
661
303
568
616
33
379
959
66
114
990
550
362
478
35
525
105
544
461
800
796
219
852
859
764
278
729
134
900
986
704
318
476
587
311
651
498
687
541
494
787
940
752
797
107
665
34
504
831
497
281
278
548
544
480
872
138
912
129
989
207
10
326
728
702
65
533
686
899
462
188
345
635
612
628
703
204
143
644
566
209
630
619
545
632
366
588
365
655
827
652
951
677
149
723
939
114
201
677
165
222
740
86
929
303
537
499
896
175
368
222
288
823
902
920
376
254
341
997
271
666
301
374
263
939
983
111
97
879
505
27
803
577
940
930
509
832
981
505
193
515
696
203
496
416
480
913
146
462
843
526
601
901
21
605
505
424
809
514
544
202
194
609
190
976
27
44
949
532
448
361
199
817
201
853
975
128
31
178
877
71
870
828
143
930
82
937
968
995
858
11
244
967
507
794
974
331
842
667
405
271
889
409
133
826
323
252
661
312
455
75
782
289
162
885
638
372
706
203
811
250
831
494
445
209
224
609
620
426
27
380
694
110
999
878
717
27
885
929
732
226
759
135
497
900
135
476
200
857
494
621
702
419
432
791
476
431
16
256
1000
560
18
970
581
195
943
279
169
598
805
956
388
416
160
173
317
709
183
265
288
622
258
694
422
32
421
600
301
239
75
633
39
383
491
228
167
290
894
321
66
661
588
709
939
245
558
603
637
346
228
904
249
502
555
225
915
327
869
80
885
174
713
265
727
628
855
814
522
679
229
372
604
458
987
459
258
428
880
843
166
715
171
8
652
262
967
847
552
742
100
262
629
553
15
291
196
609
801
33
682
78
594
109
575
781
10
734
152
450
943
727
180
371
779
231
902
655
883
105
390
124
374
384
623
554
92
369
713
757
490
622
395
138
745
269
493
461
785
565
515
927
385
668
761
423
360
164
626
362
95
459
453
166
428
174
909
566
883
970
338
47
11
667
442
781
722
427
549
652
621
46
960
757
622
881
651
13
135
666
115
914
390
678
684
224
585
339
853
938
647
262
160
568
79
368
396
317
755
151
918
715
353
898
816
1000
275
100
736
789
669
450
614
744
702
156
472
470
72
557
239
40
250
896
464
849
405
726
554
687
387
499
778
472
366
396
675
122
334
46
362
799
80
404
490
953
345
751
159
79
618
982
302
511
258
458
136
613
26
433
405
835
807
260
719
354
91
66
293
543
492
459
505
295
186
636
377
315
284
118
310
458
927
394
86
567
113
802
385
238
926
973
56
413
180
13
742
95
67
792
26
164
938
917
145
927
114
985
930
110
52
960
161
144
804
923
70
979
765
489
889
780
956
853
235
837
174
280
132
105
465
132
157
712
948
282
757
831
181
757
421
351
415
166
892
431
713
792
128
130
9
206
129
257
593
18
823
932
355
581
462
361
62
440
56
866
635
889
304
928
790
590
543
952
546
62
906
384
287
361
49
521
561
148
411
3
766
866
863
915
68
593
173
277
431
19
393
626
987
880
865
106
1
533
33
893
598
658
965
663
817
274
104
953
321
28
516
22
935
547
403
244
905
362
316
946
800
810
363
496
11
453
624
758
909
697
241
448
129
971
905
44
621
917
37
95
818
244
418
31
689
744
333
100
525
431
376
779
751
525
478
724
544
762
616
364
677
569
459
616
902
691
966
100
303
48
617
670
385
734
436
637
963
233
58
984
921
30
951
646
944
919
933
393
305
43
925
381
958
801
367
283
62
448
814
219
418
721
381
219
737
86
369
482
32
348
277
941
305
312
229
801
300
159
118
617
784
216
220
544
598
574
863
492
895
501
97
185
20
248
355
276
665
21
765
143
271
291
86
646
495
100
370
570
660
718
792
499
148
153
887
515
494
959
16
901
329
290
960
879
807
858
578
933
690
418
1000
108
747
438
414
276
57
707
929
550
108
644
541
642
394
966
592
836
637
46
469
913
515
878
999
326
570
577
970
356
905
445
241
666
346
777
482
989
598
612
644
928
335
419
306
902
954
562
236
133
647
722
847
230
692
447
779
917
272
250
695
968
140
684
980
531
231
206
827
13
996
864
315
605
827
889
622
413
562
939
194
35
19
892
11
471
611
921
583
427
853
453
706
36
341
15
824
880
573
139
477
524
443
354
716
339
113
44
138
220
5
886
988
937
102
88
876
909
839
902
26
72
961
962
904
937
302
3
795
258
33
318
717
581
875
396
330
611
896
214
744
466
477
681
269
351
98
615
302
800
578
397
819
413
396
429
402
460
161
406
247
823
755
598
957
622
239
240
614
159
133
353
698
294
819
215
663
577
466
162
943
386
731
927
88
461
781
744
60
859
219
860
528
246
12
43
997
654
437
520
598
471
312
406
458
700
994
107
703
149
902
61
832
727
554
967
932
111
265
952
788
203
75
634
685
417
463
270
671
244
535
217
888
312
204
363
67
757
850
834
487
971
301
697
891
837
212
188
703
219
882
64
304
958
207
696
984
838
549
941
781
154
17
864
861
893
444
823
610
925
296
486
47
369
997
574
491
719
949
140
948
832
484
491
707
97
967
687
256
934
752
743
905
413
827
388
984
185
687
166
995
168
953
56
732
577
920
291
410
361
443
477
16
675
585
783
581
786
381
285
434
552
616
677
659
312
251
486
958
767
807
334
959
739
749
769
837
637
975
97
449
51
859
833
412
743
329
775
828
540
201
123
239
770
547
845
105
904
116
718
843
929
644
994
749
231
595
643
321
968
77
313
51
445
604
37
237
676
919
318
5
686
947
172
531
331
438
238
219
388
118
607
419
634
26
580
455
20
591
579
680
103
73
734
413
551
787
500
544
937
260
249
300
656
498
938
970
927
561
570
888
28
335
15
295
452
196
415
935
165
821
984
12
893
116
788
815
776
299
811
335
315
944
740
695
733
97
974
332
934
870
103
272
518
101
356
410
982
411
611
59
509
343
802
280
661
297
880
4
977
769
901
70
884
872
809
490
896
929
544
982
634
676
477
922
945
502
502
511
877
143
904
5
965
926
920
55
927
40
58
985
55
922
32
952
934
951
909
974
7
129
540
612
851
571
556
520
502
924
289
427
695
825
852
796
508
249
237
799
989
381
479
358
300
852
482
767
519
487
827
199
585
492
943
279
952
796
952
234
660
512
921
24
483
22
225
962
714
244
739
867
314
728
134
378
697
749
150
815
559
315
733
653
621
993
225
262
719
742
234
781
307
823
338
212
867
183
721
138
458
224
465
159
983
896
348
349
744
921
684
207
135
586
912
769
570
300
763
994
783
327
811
139
600
83
362
93
154
708
585
651
24
458
251
574
133
767
737
91
383
150
521
820
5
763
564
18
222
512
15
203
89
5
857
661
541
131
357
393
181
395
249
814
55
608
398
144
819
494
403
110
142
590
266
758
570
919
808
509
252
90
736
185
120
371
912
691
532
165
388
713
583
327
342
199
254
517
920
518
421
816
755
413
36
227
430
695
295
680
420
425
666
806
156
256
942
367
385
740
248
376
837
418
520
626
235
694
719
463
880
311
906
419
856
833
522
428
66
444
789
26
945
584
320
802
188
108
354
841
894
506
291
396
428
139
637
805
625
846
347
427
802
637
753
538
941
342
14
109
187
4
687
676
873
32
664
626
642
689
797
436
560
825
45
542
471
767
279
939
229
519
13
203
463
340
38
233
255
71
244
741
490
730
638
605
401
766
830
211
319
116
901
576
918
752
644
285
812
761
321
117
876
960
916
499
445
261
815
912
595
641
915
598
555
425
877
532
784
983
304
867
253
845
520
185
659
101
496
715
159
340
463
368
342
434
998
430
376
970
634
229
655
311
69
520
384
34
433
321
632
516
339
91
904
98
789
302
413
48
572
212
638
253
211
35
961
44
928
931
931
20
44
982
911
909
147
966
923
975
927
943
18
889
964
281
116
92
63
463
151
867
117
180
815
379
893
42
885
594
217
218
869
673
781
487
490
527
831
845
817
898
415
915
425
793
582
755
508
736
937
901
499
869
418
413
478
575
441
804
159
581
102
188
540
774
855
671
95
863
506
575
178
77
947
808
582
469
299
761
540
143
389
759
970
781
411
831
737
775
791
447
63
811
61
459
736
877
493
644
890
321
712
63
401
350
618
632
479
480
76
780
346
911
308
528
871
922
656
530
549
364
42
559
436
874
422
723
819
886
171
259
407
769
874
816
4
738
913
534
249
35
452
337
921
529
561
687
897
72
423
765
374
43
128
435
822
438
135
390
873
770
100
241
548
391
979
94
152
15
841
591
291
199
549
282
922
319
97
552
572
246
275
583
761
747
455
701
378
886
131
198
677
232
962
414
875
86
523
904
451
979
810
344
360
143
181
95
283
287
989
618
622
361
901
873
154
775
956
606
263
223
861
108
72
513
454
556
663
102
404
103
527
850
29
200
807
180
860
316
333
194
554
966
857
382
436
392
595
359
256
439
836
255
318
485
190
621
796
314
535
556
343
530
580
260
333
797
48
237
538
921
45
624
848
791
463
400
888
264
774
158
316
757
645
616
506
350
227
115
735
145
89
428
796
336
264
214
74
436
595
656
483
703
924
212
725
645
471
151
738
271
201
2
172
886
900
863
332
956
88
812
716
527
245
505
911
798
915
815
378
618
312
340
695
229
567
163
608
717
218
122
922
395
542
644
637
295
566
813
364
995
718
770
950
182
156
185
991
140
234
570
8
953
754
123
67
913
986
134
350
511
426
584
131
118
149
750
187
1
955
954
37
915
176
25
40
987
995
135
984
59
315
80
84
994
67
67
973
431
737
994
313
637
832
182
968
736
644
37
995
489
340
866
892
217
241
961
949
106
31
421
568
677
459
495
947
63
575
769
92
805
20
928
999
803
41
302
297
866
436
167
317
594
353
107
233
535
687
488
847
768
671
596
32
61
853
761
655
552
764
605
145
672
570
827
600
712
294
422
956
409
311
121
193
14
804
577
626
437
738
417
927
406
17
231
216
270
194
425
554
859
293
957
938
54
657
608
400
509
949
207
61
977
155
172
998
712
371
921
885
350
312
550
883
828
556
268
661
621
904
929
24
941
396
841
126
491
664
20
190
790
412
750
412
525
194
353
163
719
243
992
591
558
250
251
972
767
149
630
715
592
447
394
151
95
479
849
881
708
497
606
462
405
272
457
385
714
855
853
646
35
744
663
740
608
108
502
221
322
106
853
833
762
739
299
629
99
86
414
242
872
673
624
84
501
870
720
946
831
956
762
11
698
701
70
657
614
959
39
347
801
608
995
781
897
185
513
359
200
742
199
580
440
58
90
171
482
771
435
268
286
805
261
360
926
307
454
123
483
269
113
84
959
561
350
493
212
521
491
387
398
212
26
101
123
76
342
161
185
795
940
879
350
537
50
194
35
64
103
771
701
458
704
635
82
111
44
58
843
864
568
164
741
485
78
100
168
147
693
832
929
365
236
476
25
427
181
722
292
660
660
675
938
401
337
352
78
47
588
118
340
126
544
211
901
732
521
676
634
191
81
145
980
83
574
982
405
787
949
510
231
473
903
254
798
234
277
147
944
638
501
993
607
566
174
656
932
919
272
415
947
831
134
39
313
862
85
656
277
868
92
228
812
55
817
53
950
920
852
8
965
997
2
944
895
25
948
71
999
994
104
59
895
226
835
35
641
9
289
576
127
150
721
273
550
475
128
935
791
36
796
849
10
133
584
834
765
412
635
84
505
435
586
530
403
583
183
939
965
448
36
194
89
555
495
283
912
904
831
857
12
35
270
576
826
980
579
271
632
85
720
816
823
71
644
812
199
420
274
474
396
179
609
336
126
179
39
670
539
936
0
580
1
959
113
733
639
702
736
841
625
60
684
416
453
564
907
980
952
421
789
949
975
427
767
274
864
579
880
363
927
35
686
355
261
433
683
594
154
366
440
642
94
231
317
330
92
507
38
216
780
941
622
392
215
759
511
695
840
836
563
633
412
751
785
490
663
531
725
914
491
150
869
291
570
771
492
627
734
105
9
9
154
825
945
121
809
103
278
419
636
719
359
131
244
915
983
803
932
827
499
121
815
816
512
258
228
89
710
747
587
146
213
847
748
396
883
829
161
219
901
770
531
576
285
153
586
3
755
16
6
350
902
256
137
615
10
984
257
80
123
980
675
933
690
571
932
331
930
543
445
864
83
418
766
397
437
955
454
421
307
200
199
717
275
946
703
776
660
582
732
396
686
910
707
607
950
517
770
914
172
789
435
518
104
489
754
230
442
192
43
625
144
305
627
462
709
223
980
401
626
556
462
471
933
735
691
136
478
734
447
731
530
808
893
217
218
733
425
745
42
770
909
78
835
483
525
644
225
850
7
684
137
93
942
914
725
325
157
986
303
655
166
625
47
321
984
700
441
741
764
807
715
306
893
864
193
102
400
116
579
809
399
833
892
81
463
405
696
971
17
789
807
43
686
405
943
262
542
738
446
6
571
790
827
15
15
50
991
199
144
940
853
74
4
904
124
993
131
980
961
47
867
734
66
903
10
803
752
814
547
995
523
940
760
78
784
227
455
187
555
687
331
421
805
275
695
318
140
109
838
467
277
436
424
375
851
356
871
667
421
477
958
761
203
390
791
864
645
788
472
665
867
454
22
606
979
357
290
726
565
564
597
721
421
242
105
872
409
378
546
881
556
951
601
143
681
274
862
618
933
210
281
871
856
140
199
635
982
703
683
890
158
817
347
282
309
168
683
494
761
938
31
919
623
432
345
741
692
700
283
437
342
596
702
561
762
649
339
761
525
547
551
767
476
792
458
683
917
848
194
617
897
497
750
8
778
69
198
894
69
246
5
576
335
43
906
888
627
767
204
154
378
395
252
189
656
958
180
156
948
648
245
700
138
794
66
798
258
790
516
900
763
485
949
704
0
551
99
803
583
215
983
841
990
946
228
166
34
850
214
29
982
80
370
997
945
457
393
324
474
52
581
389
752
575
681
3
553
675
135
458
77
708
131
970
889
918
799
719
665
237
93
759
879
161
475
426
699
123
176
937
753
391
856
600
631
880
710
462
266
923
983
707
153
326
536
691
793
645
855
773
713
855
146
34
81
831
135
31
972
440
191
530
308
581
871
480
780
167
793
799
738
459
195
428
253
742
150
797
153
439
23
176
18
546
354
492
349
919
264
82
215
505
685
745
516
744
872
596
854
74
395
865
513
840
357
795
138
145
435
943
50
817
924
629
15
728
965
750
119
291
685
344
119
462
946
75
322
339
701
198
485
171
932
33
330
232
838
982
700
159
168
77
274
900
661
923
462
868
442
586
28
372
325
473
590
204
169
688
120
7
68
347
759
965
264
380
462
749
991
94
878
940
53
15
999
78
881
81
923
822
78
973
896
107
921
22
843
94
977
481
943
976
720
931
301
377
802
257
922
61
393
485
494
302
611
786
271
672
653
898
547
310
975
177
173
948
346
850
794
521
390
551
720
198
223
619
792
690
227
179
369
416
803
968
471
991
50
676
509
731
463
803
64
56
183
130
125
26
702
509
849
802
225
845
792
525
276
871
146
251
441
662
403
226
580
813
703
757
804
518
947
808
594
124
766
744
417
330
806
352
135
278
10
998
346
178
994
690
807
705
267
593
753
11
288
263
204
283
85
182
559
278
693
148
715
837
495
602
226
419
832
146
382
734
562
576
332
341
68
929
315
225
587
986
458
478
744
705
557
804
777
325
768
403
691
264
259
318
618
38
645
499
596
39
191
751
558
15
493
848
635
679
686
713
981
741
518
571
580
584
313
244
923
114
385
549
838
886
956
717
339
985
822
800
97
932
374
944
480
708
122
141
140
877
922
722
722
976
450
841
262
234
234
178
24
658
144
370
876
133
900
68
77
642
466
488
706
690
138
449
766
646
724
91
918
92
652
972
48
490
141
572
218
226
326
411
187
445
350
264
792
743
623
56
768
977
218
83
169
211
986
320
594
72
575
775
465
186
985
551
994
897
335
191
930
66
963
697
444
462
114
75
808
113
482
567
303
649
795
802
475
964
558
293
565
309
516
655
552
872
166
664
107
430
533
641
993
71
358
402
289
915
899
175
89
759
280
183
126
551
321
585
556
345
20
941
1
587
488
516
826
91
692
934
717
105
378
707
767
294
88
935
799
702
966
76
56
493
245
556
525
717
686
20
927
594
450
748
791
53
705
892
20
79
252
606
526
412
674
408
246
860
997
25
970
974
802
888
942
63
979
970
882
940
47
973
16
96
998
35
944
90
988
656
540
171
253
912
889
660
274
574
21
237
588
656
541
892
735
897
271
632
438
737
133
816
11
435
114
628
594
687
6
574
801
265
913
126
845
404
411
621
793
445
285
406
74
511
988
571
971
990
970
339
823
782
80
685
666
683
846
196
872
448
981
220
673
152
427
742
468
373
845
601
632
915
239
887
728
371
513
99
296
981
918
895
88
752
187
953
1000
790
120
284
969
108
929
194
263
885
976
298
19
490
134
980
935
769
123
979
170
665
431
772
255
208
351
950
454
384
472
292
678
508
745
574
647
743
460
166
975
992
195
582
523
308
824
574
602
244
978
73
368
373
550
165
511
924
402
482
580
265
101
946
884
128
654
36
606
292
163
662
672
340
627
334
273
850
660
477
592
694
815
175
159
701
178
9
196
201
770
708
945
963
464
46
643
928
148
647
922
37
643
390
907
14
913
947
588
244
681
291
675
991
155
606
575
624
991
36
502
427
968
723
526
28
958
826
229
285
503
261
519
733
736
984
934
11
681
591
963
524
308
600
75
659
100
232
720
794
253
953
17
600
181
739
416
379
171
851
51
734
606
943
231
25
802
197
704
0
819
748
205
481
916
325
963
785
309
712
754
831
897
460
481
312
296
692
34
763
126
736
539
597
376
999
874
47
407
208
449
486
83
813
582
450
739
433
974
414
222
744
448
775
449
987
578
275
526
881
578
43
403
136
223
5
524
329
33
262
906
482
849
724
393
409
313
612
52
758
745
300
57
626
711
911
379
933
391
537
931
828
124
29
654
908
76
7
949
254
135
410
518
497
769
879
303
911
778
838
351
103
916
55
351
364
113
241
59
945
926
234
952
50
129
906
9
118
247
937
68
916
63
69
936
179
191
418
694
338
928
50
653
633
97
601
184
811
754
946
603
939
387
641
512
740
465
653
909
15
70
23
497
5
839
426
811
724
544
85
31
565
826
146
109
182
296
27
990
538
4
993
954
340
307
20
95
393
844
41
743
194
18
395
859
764
165
494
517
326
201
334
100
604
453
834
37
69
362
948
231
138
323
513
389
494
360
681
945
586
171
272
404
166
680
572
332
46
58
78
61
649
749
136
365
520
872
450
713
17
823
995
587
210
284
569
122
780
254
745
539
566
86
242
661
694
712
711
304
619
289
767
677
619
964
631
309
115
682
380
415
239
881
468
751
106
314
770
310
733
820
308
374
289
532
224
899
7
51
38
695
139
956
367
3
942
385
294
750
443
141
439
311
413
819
849
678
610
727
613
619
702
545
300
871
222
936
852
155
367
734
368
222
106
660
189
266
515
531
763
42
238
482
549
232
662
348
472
795
125
410
946
904
571
720
635
410
158
775
744
936
269
302
832
743
635
487
26
817
873
890
733
878
194
721
811
770
486
986
279
15
596
466
386
254
999
49
108
634
587
610
913
708
78
946
797
685
737
372
152
815
579
410
655
779
770
5
629
118
13
152
341
744
360
492
25
570
327
615
727
172
678
202
439
874
163
169
830
460
684
299
605
301
867
290
362
582
825
226
883
41
244
405
458
552
92
27
503
58
656
442
648
926
645
616
360
953
247
594
271
989
292
428
170
732
534
689
873
465
643
404
671
730
26
528
764
413
367
372
732
830
485
478
156
220
198
5
548
569
78
63
671
692
180
535
928
622
864
298
953
906
344
983
19
222
89
194
939
189
151
49
123
966
180
87
93
68
78
915
872
814
209
962
12
24
887
984
41
101
927
462
593
125
187
440
789
18
308
547
342
534
286
423
13
484
495
53
218
819
914
103
825
53
466
988
713
873
841
380
227
893
493
603
694
89
939
673
295
586
86
73
851
746
779
11
498
471
929
745
139
741
864
546
888
144
552
429
97
245
724
752
748
333
818
405
744
846
190
27
380
466
830
869
667
131
996
114
710
267
455
277
462
341
961
815
821
465
923
977
437
940
52
281
891
224
565
834
730
161
725
620
495
542
352
398
339
413
320
771
723
433
754
540
799
664
748
336
362
761
415
437
356
596
234
179
645
410
270
510
431
841
843
479
224
178
874
116
922
155
2
788
102
677
722
184
815
797
974
281
608
752
214
39
725
161
577
308
744
795
779
516
737
524
161
551
669
698
73
554
773
95
27
21
923
446
686
361
296
618
882
747
450
875
979
863
47
256
693
672
775
412
248
488
459
604
448
217
455
108
962
552
101
199
608
577
556
640
324
146
176
494
249
624
4
362
875
809
240
983
104
981
570
388
752
253
950
61
15
632
573
935
560
552
190
649
709
158
448
524
100
300
561
532
810
316
846
539
594
499
763
268
529
35
584
746
862
610
834
468
687
828
572
737
108
174
652
775
493
665
976
986
982
960
312
139
641
62
788
444
863
865
827
359
173
591
828
994
12
242
353
916
473
299
7
904
614
450
745
761
518
927
445
210
830
540
4
470
942
592
856
881
447
190
630
121
240
520
547
250
642
978
171
174
585
656
161
601
182
456
14
5
250
616
317
404
839
421
765
539
19
431
917
454
848
763
749
104
128
314
25
464
574
448
326
801
175
717
300
77
173
810
61
108
371
990
474
893
789
851
90
441
996
584
957
294
314
600
852
331
388
139
896
301
421
848
981
15
294
968
396
